================================================================================
ANÁLISIS COMPLETO DE RENDIMIENTO DE ALGORITMOS DE ORDENAMIENTO
================================================================================

INFORMACIÓN GENERAL:
- Total de pruebas realizadas: 1000
- Rango de tamaños: 1,000 a 1,000,000 elementos
- Incremento: 1,000 elementos
- Fecha de ejecución: 1/10/2025, 08:00:43

================================================================================
TABLA COMPLETA DE RESULTADOS:
================================================================================
Tamaño         Elementos   Descendente (ms)    Aleatorio (ms)
--------------------------------------------------------------------------------
1,000          1           0.0241              0.0378
2,000          2           0.0178              0.0062
3,000          3           0.0057              0.0032
4,000          4           0.0012              0.0036
5,000          5           0.0023              0.0925
6,000          6           0.0017              0.0133
7,000          7           0.0012              0.0120
8,000          8           0.0009              0.0028
9,000          9           0.0018              0.0029
10,000         10          0.0017              0.0030
11,000         11          0.0021              0.0023
12,000         12          0.0017              0.0040
13,000         13          0.0008              0.0035
14,000         14          0.0008              0.0037
15,000         15          0.0025              0.0039
16,000         16          0.0009              0.0042
17,000         17          0.0009              0.0044
18,000         18          0.0019              0.0043
19,000         19          0.0009              0.0044
20,000         20          0.0008              0.0053
21,000         21          0.0008              0.0059
22,000         22          0.0009              0.0058
23,000         23          0.0009              0.0060
24,000         24          0.0009              0.0063
25,000         25          0.0019              0.0085
26,000         26          0.0026              0.0058
27,000         27          0.0010              0.0066
28,000         28          0.0009              0.0073
29,000         29          0.0019              0.0071
30,000         30          0.0010              0.0071
31,000         31          0.0019              0.0076
32,000         32          0.0019              0.0147
33,000         33          0.0011              0.0083
34,000         34          0.0011              0.0077
35,000         35          0.0020              0.0082
36,000         36          0.0021              0.0087
37,000         37          0.0023              0.0312
38,000         38          0.0024              0.0086
39,000         39          0.0022              0.0091
40,000         40          0.0021              0.0091
41,000         41          0.0012              0.0098
42,000         42          0.0012              0.0110
43,000         43          0.0023              0.0095
44,000         44          0.0012              0.0106
45,000         45          0.0013              0.0108
46,000         46          0.0024              0.0113
47,000         47          0.0013              0.0102
48,000         48          0.0013              0.0136
49,000         49          0.0015              0.0114
50,000         50          0.0013              0.0115
51,000         51          0.0016              0.4892
52,000         52          0.0021              0.0162
53,000         53          0.0026              0.0124
54,000         54          0.0024              0.0124
55,000         55          0.0017              0.0137
56,000         56          0.0015              0.0168
57,000         57          0.0038              0.0144
58,000         58          0.0015              0.0152
59,000         59          0.0030              0.0153
60,000         60          0.0015              0.0156
61,000         61          0.0022              0.0154
62,000         62          0.0032              0.0180
63,000         63          0.0032              0.0206
64,000         64          0.0017              0.2004
65,000         65          0.0020              0.0175
66,000         66          0.0018              0.0189
67,000         67          0.0016              0.0178
68,000         68          0.0018              0.0177
69,000         69          0.0035              0.0182
70,000         70          0.0034              0.0228
71,000         71          0.0030              0.0205
72,000         72          0.0037              0.0269
73,000         73          0.0039              0.0203
74,000         74          0.0024              0.0242
75,000         75          0.0032              0.0267
76,000         76          0.0044              0.0246
77,000         77          0.0019              0.0270
78,000         78          0.0025              0.0270
79,000         79          0.0040              0.0280
80,000         80          0.0045              0.0277
81,000         81          0.0048              0.0366
82,000         82          0.0047              0.0262
83,000         83          0.0026              0.0298
84,000         84          0.0049              0.0321
85,000         85          0.0165              0.0297
86,000         86          0.0026              0.0173
87,000         87          0.0025              0.0178
88,000         88          0.0026              0.0256
89,000         89          0.0022              0.0175
90,000         90          0.0021              0.0168
91,000         91          0.0021              0.0160
92,000         92          0.0023              0.0243
93,000         93          0.0023              0.0180
94,000         94          0.0021              0.0189
95,000         95          0.0026              0.0196
96,000         96          0.0026              0.0184
97,000         97          0.0026              0.0201
98,000         98          0.0024              0.0196
99,000         99          0.0026              0.0203
100,000        100         0.0027              0.0180
101,000        101         0.0283              0.0096
102,000        102         0.0133              0.0079
103,000        103         0.0130              0.0076
104,000        104         0.0125              0.0068
105,000        105         0.0128              0.0075
106,000        106         0.0129              0.0068
107,000        107         0.0132              0.0073
108,000        108         0.0129              0.0075
109,000        109         0.0133              0.0071
110,000        110         0.0128              0.0080
111,000        111         0.0131              0.0080
112,000        112         0.0133              0.0077
113,000        113         0.0134              0.0072
114,000        114         0.0135              0.0080
115,000        115         0.0134              0.0079
116,000        116         0.0136              0.0083
117,000        117         0.0143              0.0080
118,000        118         0.0139              0.0080
119,000        119         0.0143              0.0080
120,000        120         0.0139              0.0079
121,000        121         0.0139              0.0083
122,000        122         0.0146              0.0081
123,000        123         0.0143              0.0084
124,000        124         0.0148              0.0082
125,000        125         0.0149              0.0083
126,000        126         0.0149              0.0083
127,000        127         0.0149              0.0083
128,000        128         0.0337              0.0080
129,000        129         0.0156              0.0084
130,000        130         0.0162              0.0091
131,000        131         0.0152              0.0087
132,000        132         0.0151              0.0085
133,000        133         0.0158              0.0087
134,000        134         0.0153              0.0090
135,000        135         0.0152              0.0087
136,000        136         0.0155              0.0086
137,000        137         0.0156              0.0085
138,000        138         0.0166              0.0088
139,000        139         0.0160              0.0088
140,000        140         0.0157              0.0095
141,000        141         0.0158              0.0089
142,000        142         0.0158              0.0090
143,000        143         0.0161              0.0093
144,000        144         0.0164              0.0090
145,000        145         0.0166              0.0097
146,000        146         0.0166              0.0090
147,000        147         0.0164              0.0091
148,000        148         0.0172              0.0092
149,000        149         0.0168              0.0100
150,000        150         0.0171              0.0094
151,000        151         0.0169              0.0092
152,000        152         0.0168              0.0099
153,000        153         0.0173              0.6075
154,000        154         0.0204              0.0104
155,000        155         0.0187              0.0101
156,000        156         0.0180              0.0099
157,000        157         0.0185              0.0105
158,000        158         0.0179              0.0093
159,000        159         0.0181              0.0103
160,000        160         0.0179              0.0099
161,000        161         0.0188              0.0104
162,000        162         0.0190              0.0096
163,000        163         0.0183              0.0107
164,000        164         0.0184              0.0098
165,000        165         0.0187              0.0103
166,000        166         0.0183              0.0098
167,000        167         0.0189              0.0110
168,000        168         0.0188              0.0107
169,000        169         0.0194              0.0105
170,000        170         0.0249              0.0153
171,000        171         0.0191              0.0110
172,000        172         0.0193              0.0105
173,000        173         0.0197              0.0108
174,000        174         0.0191              0.0107
175,000        175         0.0197              0.0104
176,000        176         0.0199              0.0109
177,000        177         0.0213              0.0109
178,000        178         0.0193              0.0111
179,000        179         0.0198              0.0107
180,000        180         0.0198              0.0110
181,000        181         0.0205              0.0113
182,000        182         0.0203              0.0113
183,000        183         0.0204              0.0113
184,000        184         0.0203              0.0111
185,000        185         0.0208              0.0106
186,000        186         0.0205              0.0113
187,000        187         0.0216              0.0116
188,000        188         0.0208              0.0112
189,000        189         0.0207              0.0118
190,000        190         0.0321              0.0118
191,000        191         0.0221              0.0117
192,000        192         0.0209              0.0119
193,000        193         0.0211              0.0117
194,000        194         0.0214              0.0118
195,000        195         0.0217              0.0120
196,000        196         0.0214              0.0121
197,000        197         0.0210              0.0120
198,000        198         0.0210              0.0118
199,000        199         0.0213              0.0125
200,000        200         0.0220              0.0121
201,000        201         0.0056              0.0025
202,000        202         0.0040              0.0027
203,000        203         0.0040              0.0020
204,000        204         0.0039              0.0025
205,000        205         0.0040              0.0025
206,000        206         0.0043              0.0023
207,000        207         0.0044              0.0029
208,000        208         0.0041              0.0024
209,000        209         0.0042              0.0028
210,000        210         0.0041              0.0022
211,000        211         0.0043              0.0024
212,000        212         0.0042              0.0022
213,000        213         0.0085              0.0022
214,000        214         0.0043              0.0028
215,000        215         0.0191              0.0026
216,000        216         0.0042              0.0024
217,000        217         0.0042              0.0023
218,000        218         0.0042              0.0024
219,000        219         0.0051              0.0023
220,000        220         0.0042              0.0025
221,000        221         0.0041              0.0022
222,000        222         0.0042              0.0027
223,000        223         0.0042              0.0023
224,000        224         0.0042              0.0023
225,000        225         0.0051              0.0026
226,000        226         0.0044              0.0025
227,000        227         0.0043              0.0022
228,000        228         0.0045              0.0025
229,000        229         0.0044              0.0023
230,000        230         0.0045              0.0025
231,000        231         0.0044              0.0025
232,000        232         0.0044              0.0024
233,000        233         0.0046              0.0025
234,000        234         0.0049              0.0023
235,000        235         0.0046              0.0025
236,000        236         0.0045              0.0026
237,000        237         0.0045              0.0025
238,000        238         0.0046              0.0029
239,000        239         0.0045              0.0024
240,000        240         0.0050              0.0025
241,000        241         0.0046              0.0024
242,000        242         0.0045              0.0026
243,000        243         0.0047              0.0025
244,000        244         0.0046              0.0025
245,000        245         0.0047              0.0026
246,000        246         0.0049              0.0029
247,000        247         0.0047              0.0028
248,000        248         0.0047              0.0026
249,000        249         0.0047              0.0026
250,000        250         0.0047              0.0026
251,000        251         0.0063              0.0026
252,000        252         0.0051              0.0026
253,000        253         0.0047              0.0025
254,000        254         0.0056              0.0034
255,000        255         0.0047              0.0026
256,000        256         0.0047              0.0026
257,000        257         0.0048              0.0026
258,000        258         0.0049              0.0030
259,000        259         0.0050              0.0026
260,000        260         0.0048              0.0027
261,000        261         0.0048              0.0027
262,000        262         0.0048              0.0026
263,000        263         0.0052              0.0028
264,000        264         0.0049              0.0026
265,000        265         0.0053              0.0029
266,000        266         0.0050              0.0028
267,000        267         0.0049              0.0027
268,000        268         0.0050              0.0027
269,000        269         0.0050              0.0028
270,000        270         0.0051              0.0031
271,000        271         0.0051              0.0027
272,000        272         0.0054              0.0027
273,000        273         0.0051              0.0031
274,000        274         0.0054              0.0027
275,000        275         0.0052              0.0029
276,000        276         0.0057              0.0034
277,000        277         0.0051              0.0044
278,000        278         0.0059              0.0030
279,000        279         0.0050              0.0028
280,000        280         0.0052              0.0031
281,000        281         0.0053              0.0029
282,000        282         0.0051              0.0029
283,000        283         0.0051              0.0029
284,000        284         0.0056              0.0029
285,000        285         0.0053              0.0031
286,000        286         0.0053              0.0029
287,000        287         0.0061              0.0029
288,000        288         0.0053              0.0029
289,000        289         0.0054              0.0029
290,000        290         0.0053              0.0032
291,000        291         0.0054              0.0030
292,000        292         0.0056              0.0029
293,000        293         0.0055              0.0037
294,000        294         0.0056              0.0030
295,000        295         0.0078              0.0031
296,000        296         0.0054              0.0032
297,000        297         0.0055              0.0031
298,000        298         0.0054              0.0032
299,000        299         0.0059              0.0031
300,000        300         0.0056              0.0030
301,000        301         0.0097              0.0033
302,000        302         0.0064              0.0031
303,000        303         0.0056              0.0032
304,000        304         0.0055              0.0033
305,000        305         0.0055              0.0031
306,000        306         0.0058              0.0031
307,000        307         0.0056              0.0030
308,000        308         0.0056              0.0031
309,000        309         0.0056              0.0035
310,000        310         0.0083              0.0039
311,000        311         0.0057              0.0032
312,000        312         0.0058              0.0036
313,000        313         0.0057              0.0031
314,000        314         0.0056              0.0032
315,000        315         0.0057              0.0032
316,000        316         0.0058              0.0034
317,000        317         0.0059              0.0031
318,000        318         0.0058              0.0033
319,000        319         0.0060              0.0031
320,000        320         0.0057              0.0035
321,000        321         0.0060              0.0031
322,000        322         0.0058              0.0033
323,000        323         0.0057              0.0034
324,000        324         0.0064              0.0032
325,000        325         0.0058              0.0978
326,000        326         0.0067              0.0033
327,000        327         0.0059              0.0033
328,000        328         0.0061              0.0032
329,000        329         0.0062              0.0033
330,000        330         0.0062              0.0032
331,000        331         0.0059              0.0034
332,000        332         0.0063              0.0033
333,000        333         0.0061              0.0036
334,000        334         0.0060              0.0033
335,000        335         0.0062              0.0033
336,000        336         0.0062              0.0036
337,000        337         0.0063              0.0034
338,000        338         0.0061              0.0033
339,000        339         0.0063              0.0034
340,000        340         0.0064              0.0033
341,000        341         0.0063              0.0033
342,000        342         0.0064              0.0037
343,000        343         0.0064              0.0034
344,000        344         0.0061              0.0032
345,000        345         0.0061              0.0034
346,000        346         0.0061              0.0034
347,000        347         0.0063              0.0059
348,000        348         0.0062              0.0036
349,000        349         0.0063              0.0033
350,000        350         0.0063              0.0035
351,000        351         0.0061              0.0033
352,000        352         0.0062              0.0035
353,000        353         0.0062              0.0036
354,000        354         0.0063              0.0034
355,000        355         0.0063              0.0035
356,000        356         0.0063              0.0035
357,000        357         0.0062              0.0034
358,000        358         0.0064              0.0037
359,000        359         0.0065              0.0036
360,000        360         0.0069              0.0038
361,000        361         0.0065              0.0034
362,000        362         0.0064              0.0036
363,000        363         0.0063              0.0035
364,000        364         0.0064              0.0035
365,000        365         0.0066              0.0037
366,000        366         0.0065              0.0040
367,000        367         0.0067              0.0035
368,000        368         0.0072              0.0037
369,000        369         0.0383              0.0036
370,000        370         0.0066              0.0036
371,000        371         0.0065              0.0036
372,000        372         0.0069              0.0037
373,000        373         0.0066              0.0037
374,000        374         0.0065              0.0042
375,000        375         0.0067              0.0036
376,000        376         0.0067              0.0037
377,000        377         0.0066              0.0037
378,000        378         0.0066              0.0035
379,000        379         0.0066              0.0038
380,000        380         0.0068              0.0037
381,000        381         0.0092              0.0039
382,000        382         0.0071              0.0037
383,000        383         0.0072              0.0040
384,000        384         0.0068              0.0039
385,000        385         0.0071              0.0037
386,000        386         0.0069              0.0038
387,000        387         0.0069              0.0037
388,000        388         0.0072              0.0038
389,000        389         0.0070              0.0037
390,000        390         0.0069              0.0038
391,000        391         0.0418              0.0043
392,000        392         0.0061              0.0038
393,000        393         0.0059              0.0044
394,000        394         0.0062              0.0039
395,000        395         0.0060              0.0037
396,000        396         0.0061              0.0042
397,000        397         0.0060              0.0040
398,000        398         0.0060              0.0038
399,000        399         0.0061              0.0040
400,000        400         0.0080              0.0038
401,000        401         0.0080              0.0044
402,000        402         0.1024              0.0045
403,000        403         0.0063              0.0040
404,000        404         0.0062              0.0038
405,000        405         0.0061              0.0041
406,000        406         0.0061              0.0038
407,000        407         0.0091              0.0039
408,000        408         0.0065              0.0039
409,000        409         0.0062              0.0040
410,000        410         0.0064              0.0046
411,000        411         0.0068              0.0045
412,000        412         0.0063              0.0040
413,000        413         0.0064              0.0041
414,000        414         0.0066              0.0039
415,000        415         0.0063              0.0049
416,000        416         0.0063              0.0040
417,000        417         0.0064              0.0046
418,000        418         0.0063              0.0039
419,000        419         0.0064              0.0041
420,000        420         0.0063              0.0042
421,000        421         0.0064              0.0040
422,000        422         0.0065              0.0039
423,000        423         0.0064              0.0047
424,000        424         0.0068              0.0043
425,000        425         0.0063              0.0042
426,000        426         0.0064              0.0041
427,000        427         0.0093              0.0041
428,000        428         0.0065              0.0044
429,000        429         0.0065              0.0042
430,000        430         0.0066              0.0043
431,000        431         0.0069              0.0040
432,000        432         0.0064              0.0044
433,000        433         0.0064              0.0044
434,000        434         0.0066              0.0046
435,000        435         0.0066              0.0774
436,000        436         0.0070              0.0042
437,000        437         0.0066              0.0043
438,000        438         0.0066              0.0041
439,000        439         0.0067              0.0043
440,000        440         0.0066              0.0069
441,000        441         0.0091              0.0047
442,000        442         0.0066              0.0042
443,000        443         0.0072              0.0042
444,000        444         0.0066              0.0043
445,000        445         0.0067              0.0042
446,000        446         0.0067              0.0041
447,000        447         0.0067              0.0043
448,000        448         0.0067              0.0046
449,000        449         0.0067              0.0044
450,000        450         0.0070              0.0047
451,000        451         0.0069              0.0044
452,000        452         0.0067              0.0043
453,000        453         0.0068              0.0043
454,000        454         0.0068              0.0051
455,000        455         0.0067              0.0043
456,000        456         0.0066              0.0044
457,000        457         0.0068              0.0044
458,000        458         0.0070              0.0043
459,000        459         0.0069              0.0045
460,000        460         0.0088              0.0043
461,000        461         0.0069              0.0048
462,000        462         0.0069              0.0044
463,000        463         0.0069              0.0046
464,000        464         0.0069              0.0044
465,000        465         0.0070              0.0046
466,000        466         0.0071              0.0045
467,000        467         0.0069              0.0743
468,000        468         0.0072              0.0045
469,000        469         0.0071              0.0046
470,000        470         0.0072              0.0046
471,000        471         0.0070              0.0044
472,000        472         0.0071              0.0044
473,000        473         0.0070              0.0045
474,000        474         0.0090              0.0044
475,000        475         0.0071              0.0044
476,000        476         0.0074              0.0045
477,000        477         0.0071              0.0045
478,000        478         0.0071              0.0045
479,000        479         0.0072              0.0045
480,000        480         0.0071              0.0046
481,000        481         0.0075              0.0045
482,000        482         0.0070              0.0050
483,000        483         0.0072              0.0045
484,000        484         0.0072              0.0050
485,000        485         0.0073              0.0046
486,000        486         0.0072              0.0046
487,000        487         0.0073              0.0046
488,000        488         0.0072              0.0046
489,000        489         0.0074              0.0046
490,000        490         0.0074              0.0050
491,000        491         0.0073              0.0046
492,000        492         0.0088              0.0050
493,000        493         0.0074              0.0045
494,000        494         0.0073              0.0048
495,000        495         0.0073              0.0046
496,000        496         0.0073              0.0049
497,000        497         0.0074              0.0045
498,000        498         0.0080              0.0050
499,000        499         0.0075              0.0047
500,000        500         0.0075              0.0047
501,000        501         0.0092              0.0049
502,000        502         0.0075              0.0046
503,000        503         0.0074              0.0048
504,000        504         0.0075              0.0048
505,000        505         0.0076              0.0050
506,000        506         0.0075              0.0047
507,000        507         0.0075              0.0049
508,000        508         0.0075              0.0047
509,000        509         0.0077              0.0048
510,000        510         0.0076              0.0047
511,000        511         0.0076              0.0049
512,000        512         0.0077              0.0047
513,000        513         0.0077              0.0049
514,000        514         0.0076              0.0072
515,000        515         0.0076              0.0049
516,000        516         0.0077              0.0048
517,000        517         0.0077              0.0049
518,000        518         0.0076              0.0048
519,000        519         0.0078              0.0051
520,000        520         0.0077              0.0056
521,000        521         0.0077              0.0049
522,000        522         0.0078              0.0048
523,000        523         0.0078              0.0049
524,000        524         0.0078              0.0050
525,000        525         0.0080              0.0049
526,000        526         0.0078              0.0051
527,000        527         0.0078              0.0049
528,000        528         0.0090              0.0052
529,000        529         0.0083              0.0058
530,000        530         0.0083              0.0053
531,000        531         0.0088              0.0063
532,000        532         0.0090              0.0070
533,000        533         0.0080              0.0080
534,000        534         0.0096              0.0085
535,000        535         0.0081              0.0070
536,000        536         0.0093              0.0111
537,000        537         0.0244              0.0064
538,000        538         0.0089              0.0061
539,000        539         0.0094              0.0100
540,000        540         0.0104              0.0082
541,000        541         0.0092              0.0116
542,000        542         0.0096              0.0089
543,000        543         0.0087              0.0093
544,000        544         0.0088              0.0065
545,000        545         0.0091              0.0056
546,000        546         0.0085              0.0051
547,000        547         0.0083              0.0076
548,000        548         0.0082              0.0051
549,000        549         0.0086              0.0054
550,000        550         0.0082              0.0197
551,000        551         0.0125              0.0054
552,000        552         0.0294              0.0052
553,000        553         0.0226              0.0571
554,000        554         0.0093              0.0063
555,000        555         0.0087              0.0059
556,000        556         0.0106              0.0074
557,000        557         0.0098              0.0078
558,000        558         0.0101              0.0077
559,000        559         0.0126              0.0057
560,000        560         0.0090              0.0088
561,000        561         0.0090              0.0073
562,000        562         0.0149              0.0060
563,000        563         0.0107              0.0062
564,000        564         0.0089              0.0066
565,000        565         0.0094              0.0062
566,000        566         0.0098              0.0059
567,000        567         0.0088              0.0063
568,000        568         0.0090              0.0066
569,000        569         0.0094              0.0058
570,000        570         0.0240              0.0056
571,000        571         0.0095              0.0056
572,000        572         0.0115              0.0092
573,000        573         0.0101              0.0064
574,000        574         0.0114              0.0057
575,000        575         0.0095              0.0319
576,000        576         0.0112              0.0056
577,000        577         0.0088              0.0229
578,000        578         0.0100              0.0064
579,000        579         0.0312              0.1098
580,000        580         0.0096              0.0063
581,000        581         0.0091              0.0062
582,000        582         0.0095              0.0063
583,000        583         0.0127              0.0059
584,000        584         0.0224              0.0058
585,000        585         0.0223              0.0058
586,000        586         0.0228              0.0194
587,000        587         0.0089              0.0056
588,000        588         0.0089              0.0062
589,000        589         0.0093              0.0062
590,000        590         0.0097              0.0068
591,000        591         0.0099              0.0060
592,000        592         0.0229              0.0058
593,000        593         0.0093              0.0063
594,000        594         0.0088              0.0059
595,000        595         0.0096              0.0067
596,000        596         0.0098              0.0062
597,000        597         0.0113              0.0061
598,000        598         0.0096              0.0063
599,000        599         0.0094              0.0060
600,000        600         0.0093              0.0059
601,000        601         0.0106              0.0063
602,000        602         0.1008              0.0062
603,000        603         0.0098              0.0060
604,000        604         0.0096              0.0061
605,000        605         0.0228              0.0205
606,000        606         0.0238              0.0062
607,000        607         0.0231              0.0061
608,000        608         0.0097              0.0063
609,000        609         0.0098              0.0059
610,000        610         0.0094              0.0192
611,000        611         0.0229              0.0063
612,000        612         0.0092              0.0060
613,000        613         0.0233              0.0193
614,000        614         0.0095              0.0062
615,000        615         0.0094              0.0061
616,000        616         0.0093              0.0059
617,000        617         0.0093              0.0061
618,000        618         0.0093              0.0064
619,000        619         0.0094              0.0061
620,000        620         0.0095              0.0065
621,000        621         0.0094              0.0059
622,000        622         0.0094              0.0061
623,000        623         0.0095              0.0063
624,000        624         0.0251              0.0068
625,000        625         0.0118              0.0062
626,000        626         0.0098              0.0195
627,000        627         0.0095              0.0064
628,000        628         0.0095              0.0061
629,000        629         0.0096              0.0064
630,000        630         0.0095              0.0062
631,000        631         0.0094              0.0064
632,000        632         0.0095              0.0062
633,000        633         0.0096              0.0066
634,000        634         0.0097              0.0062
635,000        635         0.0094              0.0065
636,000        636         0.0095              0.0063
637,000        637         0.0096              0.0061
638,000        638         0.0112              0.0062
639,000        639         0.0100              0.0066
640,000        640         0.0096              0.0063
641,000        641         0.0102              0.0062
642,000        642         0.0097              0.0069
643,000        643         0.0097              0.0063
644,000        644         0.0096              0.0065
645,000        645         0.0095              0.0061
646,000        646         0.0765              0.0064
647,000        647         0.0097              0.0061
648,000        648         0.0119              0.0060
649,000        649         0.0097              0.0060
650,000        650         0.0097              0.0062
651,000        651         0.0097              0.0069
652,000        652         0.0096              0.0067
653,000        653         0.0100              0.0199
654,000        654         0.0241              0.0061
655,000        655         0.0098              0.0063
656,000        656         0.0098              0.0063
657,000        657         0.0097              0.0065
658,000        658         0.0243              0.0066
659,000        659         0.0233              0.0061
660,000        660         0.0099              0.0065
661,000        661         0.0099              0.0078
662,000        662         0.0099              0.0064
663,000        663         0.0098              0.0063
664,000        664         0.0098              0.0064
665,000        665         0.0098              0.0062
666,000        666         0.0103              0.0065
667,000        667         0.0101              0.0064
668,000        668         0.0104              0.0064
669,000        669         0.0099              0.0064
670,000        670         0.0099              0.0063
671,000        671         0.0094              0.0086
672,000        672         0.0100              0.0062
673,000        673         0.0103              0.0063
674,000        674         0.0101              0.0062
675,000        675         0.0100              0.0064
676,000        676         0.0099              0.0063
677,000        677         0.0101              0.0064
678,000        678         0.0100              0.0065
679,000        679         0.0100              0.0066
680,000        680         0.0100              0.0068
681,000        681         0.0100              0.0064
682,000        682         0.0100              0.0064
683,000        683         0.0100              0.0064
684,000        684         0.0102              0.0079
685,000        685         0.0102              0.0064
686,000        686         0.0102              0.0064
687,000        687         0.0103              0.0064
688,000        688         0.0102              0.0065
689,000        689         0.0733              0.0068
690,000        690         0.0102              0.0064
691,000        691         0.0101              0.0064
692,000        692         0.0102              0.0067
693,000        693         0.0102              0.0068
694,000        694         0.0112              0.0085
695,000        695         0.0108              0.0064
696,000        696         0.0101              0.0063
697,000        697         0.0103              0.0065
698,000        698         0.0102              0.0068
699,000        699         0.0104              0.0065
700,000        700         0.0105              0.0065
701,000        701         0.0110              0.0071
702,000        702         0.0103              0.0064
703,000        703         0.0104              0.0065
704,000        704         0.0105              0.0070
705,000        705         0.0136              0.0066
706,000        706         0.0105              0.0071
707,000        707         0.0105              0.0075
708,000        708         0.0103              0.0068
709,000        709         0.0104              0.0071
710,000        710         0.0111              0.0065
711,000        711         0.0107              0.0067
712,000        712         0.0106              0.0066
713,000        713         0.0105              0.0068
714,000        714         0.0128              0.0067
715,000        715         0.0106              0.0066
716,000        716         0.0106              0.0069
717,000        717         0.0105              0.0067
718,000        718         0.0106              0.0070
719,000        719         0.0106              0.0069
720,000        720         0.0112              0.0066
721,000        721         0.0106              0.0069
722,000        722         0.0105              0.0066
723,000        723         0.0107              0.0068
724,000        724         0.0106              0.0067
725,000        725         0.0112              0.0066
726,000        726         0.0108              0.0083
727,000        727         0.0107              0.0067
728,000        728         0.0109              0.0072
729,000        729         0.0107              0.0069
730,000        730         0.0108              0.0733
731,000        731         0.0111              0.0068
732,000        732         0.0107              0.0068
733,000        733         0.0108              0.0068
734,000        734         0.0107              0.0071
735,000        735         0.0109              0.0071
736,000        736         0.0130              0.0068
737,000        737         0.0107              0.0067
738,000        738         0.0109              0.0070
739,000        739         0.0108              0.0068
740,000        740         0.0109              0.0073
741,000        741         0.0109              0.0067
742,000        742         0.0109              0.0072
743,000        743         0.0108              0.0069
744,000        744         0.0109              0.0069
745,000        745         0.0137              0.0078
746,000        746         0.0108              0.0069
747,000        747         0.0112              0.0069
748,000        748         0.0125              0.0070
749,000        749         0.0111              0.0070
750,000        750         0.0110              0.0069
751,000        751         0.0115              0.0070
752,000        752         0.0110              0.0073
753,000        753         0.0110              0.0070
754,000        754         0.0110              0.0072
755,000        755         0.0111              0.0071
756,000        756         0.0112              0.0070
757,000        757         0.0111              0.0094
758,000        758         0.0112              0.0071
759,000        759         0.0111              0.0072
760,000        760         0.0111              0.0070
761,000        761         0.0112              0.0072
762,000        762         0.0113              0.0072
763,000        763         0.0111              0.0073
764,000        764         0.0112              0.0071
765,000        765         0.0111              0.0071
766,000        766         0.0112              0.0071
767,000        767         0.0112              0.0072
768,000        768         0.0112              0.0072
769,000        769         0.0112              0.0088
770,000        770         0.0113              0.0072
771,000        771         0.0123              0.0072
772,000        772         0.0116              0.0072
773,000        773         0.0113              0.0072
774,000        774         0.0113              0.0071
775,000        775         0.0113              0.0071
776,000        776         0.0113              0.0071
777,000        777         0.0113              0.0072
778,000        778         0.0113              0.0090
779,000        779         0.0113              0.0072
780,000        780         0.0114              0.0073
781,000        781         0.0114              0.0071
782,000        782         0.0114              0.0071
783,000        783         0.0114              0.0072
784,000        784         0.0113              0.0073
785,000        785         0.0114              0.0077
786,000        786         0.0115              0.0072
787,000        787         0.0115              0.0072
788,000        788         0.0115              0.0087
789,000        789         0.0152              0.0076
790,000        790         0.0148              0.0769
791,000        791         0.0119              0.0074
792,000        792         0.0116              0.0074
793,000        793         0.0116              0.0073
794,000        794         0.0116              0.0074
795,000        795         0.0118              0.0075
796,000        796         0.0119              0.0073
797,000        797         0.0117              0.0074
798,000        798         0.0116              0.0075
799,000        799         0.0136              0.0076
800,000        800         0.0116              0.0074
801,000        801         0.0124              0.0077
802,000        802         0.0117              0.0078
803,000        803         0.0117              0.0074
804,000        804         0.0118              0.0074
805,000        805         0.0122              0.0080
806,000        806         0.0123              0.0082
807,000        807         0.0116              0.0078
808,000        808         0.0144              0.0075
809,000        809         0.0116              0.0084
810,000        810         0.0125              0.0076
811,000        811         0.0123              0.0075
812,000        812         0.0116              0.0075
813,000        813         0.0119              0.0075
814,000        814         0.0117              0.0080
815,000        815         0.0119              0.0074
816,000        816         0.0120              0.0076
817,000        817         0.0119              0.0076
818,000        818         0.0118              0.0077
819,000        819         0.0119              0.0077
820,000        820         0.0120              0.0077
821,000        821         0.0121              0.0076
822,000        822         0.0119              0.0077
823,000        823         0.0119              0.0078
824,000        824         0.0121              0.0076
825,000        825         0.0121              0.0075
826,000        826         0.0120              0.0077
827,000        827         0.0120              0.0090
828,000        828         0.0121              0.0077
829,000        829         0.0127              0.0080
830,000        830         0.0121              0.0079
831,000        831         0.0121              0.0077
832,000        832         0.0120              0.0077
833,000        833         0.0120              0.0081
834,000        834         0.0121              0.0076
835,000        835         0.0122              0.0076
836,000        836         0.0145              0.0077
837,000        837         0.0122              0.0077
838,000        838         0.0121              0.0084
839,000        839         0.0122              0.0076
840,000        840         0.0122              0.0080
841,000        841         0.0120              0.0078
842,000        842         0.0124              0.0077
843,000        843         0.0124              0.0077
844,000        844         0.0124              0.0077
845,000        845         0.0123              0.0078
846,000        846         0.0124              0.0080
847,000        847         0.0139              0.0079
848,000        848         0.0129              0.0079
849,000        849         0.0125              0.0082
850,000        850         0.0123              0.0077
851,000        851         0.0123              0.0084
852,000        852         0.0124              0.0079
853,000        853         0.0124              0.0078
854,000        854         0.0129              0.0079
855,000        855         0.0143              0.0083
856,000        856         0.0124              0.0081
857,000        857         0.0124              0.0079
858,000        858         0.0125              0.0079
859,000        859         0.0125              0.0082
860,000        860         0.0125              0.0080
861,000        861         0.0125              0.0078
862,000        862         0.0125              0.0079
863,000        863         0.0126              0.0763
864,000        864         0.0129              0.0079
865,000        865         0.0127              0.0078
866,000        866         0.0126              0.0085
867,000        867         0.0125              0.0080
868,000        868         0.0124              0.0081
869,000        869         0.0128              0.0079
870,000        870         0.0127              0.0083
871,000        871         0.0127              0.0080
872,000        872         0.0127              0.0079
873,000        873         0.0127              0.0081
874,000        874         0.0128              0.0083
875,000        875         0.0127              0.0082
876,000        876         0.0127              0.0081
877,000        877         0.0127              0.0083
878,000        878         0.0129              0.0800
879,000        879         0.0130              0.0086
880,000        880         0.0129              0.0082
881,000        881         0.0128              0.0100
882,000        882         0.0129              0.0082
883,000        883         0.0127              0.0080
884,000        884         0.0128              0.0083
885,000        885         0.0130              0.0083
886,000        886         0.0129              0.0084
887,000        887         0.0129              0.0081
888,000        888         0.0129              0.0082
889,000        889         0.0126              0.0084
890,000        890         0.0123              0.0082
891,000        891         0.0129              0.0085
892,000        892         0.0147              0.0083
893,000        893         0.0128              0.0714
894,000        894         0.0134              0.0083
895,000        895         0.0128              0.0082
896,000        896         0.0131              0.0083
897,000        897         0.0131              0.0082
898,000        898         0.0130              0.0084
899,000        899         0.0131              0.0083
900,000        900         0.0129              0.0086
901,000        901         0.0138              0.0084
902,000        902         0.0129              0.0083
903,000        903         0.0130              0.0083
904,000        904         0.0130              0.0091
905,000        905         0.0131              0.0083
906,000        906         0.0134              0.0082
907,000        907         0.0133              0.0083
908,000        908         0.1521              0.0086
909,000        909         0.0133              0.0084
910,000        910         0.0133              0.0083
911,000        911         0.0132              0.0087
912,000        912         0.0132              0.0083
913,000        913         0.0133              0.0084
914,000        914         0.0132              0.0083
915,000        915         0.0137              0.0084
916,000        916         0.0135              0.0087
917,000        917         0.0132              0.0086
918,000        918         0.0133              0.0087
919,000        919         0.0135              0.0084
920,000        920         0.0133              0.0085
921,000        921         0.0134              0.0084
922,000        922         0.0135              0.0089
923,000        923         0.0174              0.0137
924,000        924         0.0172              0.0130
925,000        925         0.0193              0.0132
926,000        926         0.0168              0.0134
927,000        927         0.0173              0.0134
928,000        928         0.0175              0.0128
929,000        929         0.0171              0.0141
930,000        930         0.0170              0.0138
931,000        931         0.0175              0.0136
932,000        932         0.0199              0.0133
933,000        933         0.0199              0.0144
934,000        934         0.0185              0.0142
935,000        935         0.0196              0.0134
936,000        936         0.0190              0.0148
937,000        937         0.0180              0.0143
938,000        938         0.0144              0.0094
939,000        939         0.0162              0.0087
940,000        940         0.0137              0.0086
941,000        941         0.0137              0.0091
942,000        942         0.0138              0.0089
943,000        943         0.0138              0.0087
944,000        944         0.0139              0.0089
945,000        945         0.0133              0.0089
946,000        946         0.0138              0.0087
947,000        947         0.0138              0.0090
948,000        948         0.0139              0.0096
949,000        949         0.0142              0.0090
950,000        950         0.0141              0.0087
951,000        951         0.0139              0.0088
952,000        952         0.0142              0.0091
953,000        953         0.0187              0.0133
954,000        954         0.0182              0.0139
955,000        955         0.0182              0.0143
956,000        956         0.0180              0.0132
957,000        957         0.0178              0.0160
958,000        958         0.0182              0.0131
959,000        959         0.0179              0.0140
960,000        960         0.0177              0.0139
961,000        961         0.0187              0.0142
962,000        962         0.0184              0.0145
963,000        963         0.0182              0.0139
964,000        964         0.0188              0.0154
965,000        965         0.0187              0.0163
966,000        966         0.0183              0.0150
967,000        967         0.0182              0.0880
968,000        968         0.0143              0.0090
969,000        969         0.0143              0.0093
970,000        970         0.0142              0.0093
971,000        971         0.0167              0.0092
972,000        972         0.0143              0.0089
973,000        973         0.0141              0.0091
974,000        974         0.0147              0.0098
975,000        975         0.0151              0.0101
976,000        976         0.0147              0.0095
977,000        977         0.0150              0.0102
978,000        978         0.0155              0.0097
979,000        979         0.0150              0.0100
980,000        980         0.0149              0.0101
981,000        981         0.0146              0.0096
982,000        982         0.0145              0.0101
983,000        983         0.0147              0.0094
984,000        984         0.0147              0.0094
985,000        985         0.0154              0.0096
986,000        986         0.0149              0.0092
987,000        987         0.0147              0.0099
988,000        988         0.0146              0.0109
989,000        989         0.0148              0.0092
990,000        990         0.0144              0.0094
991,000        991         0.0144              0.0092
992,000        992         0.0145              0.0100
993,000        993         0.0146              0.0096
994,000        994         0.0148              0.0094
995,000        995         0.0153              0.0093
996,000        996         0.0153              0.0101
997,000        997         0.0145              0.0093
998,000        998         0.0146              0.0096
999,000        999         0.0142              0.0104
1,000,000      1000        0.0146              0.0098

================================================================================
ESTADÍSTICAS:
================================================================================

Ordenamiento Descendente:
  - Tiempo mínimo:    0.0008 ms
  - Tiempo máximo:    0.1521 ms
  - Tiempo promedio:  0.0105 ms

Ordenamiento Aleatorio:
  - Tiempo mínimo:    0.0020 ms
  - Tiempo máximo:    0.6075 ms
  - Tiempo promedio:  0.0096 ms

================================================================================
EJEMPLOS DE ARREGLOS ORDENADOS:
================================================================================


TAMAÑO: 1,000 elementos
--------------------------------------------------------------------------------

Descendente (primeros 20):
1000...

Aleatorio (primeros 20):
1000...


TAMAÑO: 10,000 elementos
--------------------------------------------------------------------------------

Descendente (primeros 20):
10000, 9000, 8000, 7000, 6000, 5000, 4000, 3000, 2000, 1000...

Aleatorio (primeros 20):
2000, 1000, 10000, 6000, 8000, 4000, 7000, 3000, 5000, 9000...


TAMAÑO: 50,000 elementos
--------------------------------------------------------------------------------

Descendente (primeros 20):
50000, 49000, 48000, 47000, 46000, 45000, 44000, 43000, 42000, 41000, 40000, 39000, 38000, 37000, 36000, 35000, 34000, 33000, 32000, 31000...

Aleatorio (primeros 20):
41000, 26000, 7000, 27000, 22000, 37000, 28000, 16000, 21000, 24000, 42000, 10000, 29000, 34000, 40000, 36000, 14000, 20000, 3000, 11000...


TAMAÑO: 100,000 elementos
--------------------------------------------------------------------------------

Descendente (primeros 20):
100000, 99000, 98000, 97000, 96000, 95000, 94000, 93000, 92000, 91000, 90000, 89000, 88000, 87000, 86000, 85000, 84000, 83000, 82000, 81000...

Aleatorio (primeros 20):
85000, 39000, 17000, 34000, 21000, 32000, 38000, 43000, 58000, 8000, 76000, 12000, 72000, 37000, 15000, 41000, 74000, 54000, 35000, 4000...


TAMAÑO: 500,000 elementos
--------------------------------------------------------------------------------

Descendente (primeros 20):
500000, 499000, 498000, 497000, 496000, 495000, 494000, 493000, 492000, 491000, 490000, 489000, 488000, 487000, 486000, 485000, 484000, 483000, 482000, 481000...

Aleatorio (primeros 20):
173000, 357000, 26000, 240000, 56000, 465000, 347000, 427000, 109000, 232000, 474000, 133000, 243000, 493000, 296000, 362000, 195000, 271000, 3000, 342000...


TAMAÑO: 1,000,000 elementos
--------------------------------------------------------------------------------

Descendente (primeros 20):
1000000, 999000, 998000, 997000, 996000, 995000, 994000, 993000, 992000, 991000, 990000, 989000, 988000, 987000, 986000, 985000, 984000, 983000, 982000, 981000...

Aleatorio (primeros 20):
736000, 397000, 572000, 177000, 371000, 29000, 67000, 582000, 904000, 580000, 74000, 565000, 126000, 326000, 65000, 643000, 62000, 43000, 353000, 938000...

================================================================================
FIN DEL ANÁLISIS
================================================================================
